1.7
2.12
3.22
4.33
5.49
6.59
7.61
8.65
9.70
10.71
11.73
12.75
13.79
14.84
15.85
16.91
17.95
18.104
19.112
20.119
21.129
22.136
23.143
24.151
25.153
26.162
27.173
28.175
29.176
30.182
31.185
32.188
33.192
34.197
35.199
36.200
37.202
38.203
39.204
40.210
41.216
42.227
43.229
44.232
45.234
46.237
47.240
48.241
49.247
50.248
51.250
52.253
53.257
54.258
55.265
56.273
57.282
58.287
59.290
60.292
61.295
62.298
63.299
64.300
65.302
66.307
67.309
68.310
69.315
70.322
71.327
72.336
73.347
74.357
75.358
76.362
77.366
78.368
79.373
80.381
81.383
82.385
83.391
84.394
85.400
86.404
87.409
88.410
89.412
90.421
91.423
92.431
93.434
94.438
95.442
96.444
97.447
98.450
99.453
100.461
101.465
102.468
103.472
104.475
105.477
106.485
107.486
108.492
109.495
110.497
111.498
112.501
113.505
114.507
115.517
116.525
117.526
118.528
119.531
120.533
121.534
122.537
123.543
124.545
125.547
126.550
127.554
128.556
129.558
130.561
131.563
132.564
133.565
134.568
135.573
136.575
137.586
138.594
139.604
140.620
141.627
142.637
143.644
144.652
145.653
146.654
147.655
148.659
149.662
150.664
151.671
152.682
153.692
154.697
155.711
156.715
157.716
158.718
159.719
160.722
161.723
162.733
163.735
164.739
165.741
166.742
167.743
168.745
169.749
170.754
171.755
172.759
173.764
174.766
175.772
176.773
177.775
178.777
179.781
180.791
181.801
182.802
183.803
184.804
185.808
186.811
187.813
188.823
189.825
190.827
191.830
192.832
193.838
194.841
195.845
196.846
197.848
198.849
199.851
200.861
201.872
202.877
203.887
204.888
205.891
206.895
207.900
208.910
209.911
210.912
211.915
212.916
213.928
214.934
215.936
216.939
217.940
218.952
219.964
220.973
221.983
222.984
223.987
224.989
225.992
226.1000
227.1013
228.1025
229.1035
230.1037
231.1039
232.1043
233.1044
234.1050
235.1052
236.1053
237.1058
238.1060
239.1064
240.1066
241.1070
242.1073
243.1075
244.1078
245.1084
246.1088
247.1090
248.1092
249.1095
250.1101
251.1103
252.1106
253.1109
254.1112
255.1113
256.1114
257.1115
258.1118
259.1120
260.1122
261.1124
262.1126
263.1129
264.1130
265.1131
266.1135
267.1140
268.1141
269.1146
270.1160
271.1172
272.1174
273.1177
274.1180
275.1182
276.1194
277.1201
278.1204
279.1206
280.1212
281.1213
282.1214
283.1215
284.1216
285.1220
286.1224
287.1228
288.1236
289.1241
290.1248
291.1258
292.1259
293.1260
294.1263
295.1271
296.1273
297.1275
298.1278
299.1279
300.1282
301.1290
302.1297
